2.120000 0.400000 3.555834e-05 
2.240000 0.400000 3.359534e-05 
2.360000 0.400000 3.183685e-05 
2.480000 0.400000 3.025260e-05 
2.599999 0.400000 2.881806e-05 
2.719999 0.400000 2.751358e-05 
2.839999 0.400000 2.632194e-05 
2.959999 0.400000 2.522948e-05 
3.079999 0.400000 2.422456e-05 
3.199999 0.400000 2.329726e-05 
3.319999 0.400000 2.243874e-05 
3.439999 0.400000 2.164287e-05 
3.559999 0.400000 2.090282e-05 
3.679998 0.400000 2.021402e-05 
3.799998 0.400000 1.957290e-05 
3.919998 0.400000 1.897976e-05 
4.039998 0.400000 3.391408e-05 
4.159998 0.400000 3.283092e-05 
4.279998 0.400000 3.186864e-05 
4.399998 0.400000 3.097088e-05 
2.120000 0.426800 3.389657e-05 
2.240000 0.426800 3.202759e-05 
2.360000 0.426800 3.035378e-05 
2.480000 0.426800 2.884587e-05 
2.599999 0.426800 2.748050e-05 
2.719999 0.426800 2.623878e-05 
2.839999 0.426800 2.510397e-05 
2.959999 0.426800 2.406374e-05 
3.079999 0.426800 2.310641e-05 
3.199999 0.426800 2.222286e-05 
3.319999 0.426800 2.140536e-05 
3.439999 0.426800 2.064670e-05 
3.559999 0.426800 1.994125e-05 
3.679998 0.426800 1.928433e-05 
3.799998 0.426800 1.867178e-05 
3.919998 0.426800 1.810278e-05 
4.039998 0.426800 1.759178e-05 
4.159998 0.426800 3.133193e-05 
4.279998 0.426800 3.040855e-05 
4.399998 0.426800 2.955008e-05 
2.120000 0.453600 3.225734e-05 
2.240000 0.453600 3.048100e-05 
2.360000 0.453600 2.889036e-05 
2.480000 0.453600 2.745669e-05 
2.599999 0.453600 2.615650e-05 
2.719999 0.453600 2.497325e-05 
2.839999 0.453600 2.389302e-05 
2.959999 0.453600 2.290252e-05 
3.079999 0.453600 2.199112e-05 
3.199999 0.453600 2.114887e-05 
3.319999 0.453600 2.036946e-05 
3.439999 0.453600 1.964652e-05 
3.559999 0.453600 1.897414e-05 
3.679998 0.453600 1.834803e-05 
3.799998 0.453600 1.776360e-05 
3.919998 0.453600 1.721901e-05 
4.039998 0.453600 1.671812e-05 
4.159998 0.453600 2.983739e-05 
4.279998 0.453600 2.895017e-05 
4.399998 0.453600 2.813171e-05 
2.120000 0.480400 3.061635e-05 
2.240000 0.480400 2.893125e-05 
2.360000 0.480400 2.742141e-05 
2.480000 0.480400 2.606046e-05 
2.599999 0.480400 2.482778e-05 
2.719999 0.480400 2.370606e-05 
2.839999 0.480400 2.268080e-05 
2.959999 0.480400 2.174067e-05 
3.079999 0.480400 2.087550e-05 
3.199999 0.480400 2.007672e-05 
3.319999 0.480400 1.933729e-05 
3.439999 0.480400 1.865092e-05 
3.559999 0.480400 1.801260e-05 
3.679998 0.480400 1.741748e-05 
3.799998 0.480400 1.686262e-05 
3.919998 0.480400 1.634486e-05 
4.039998 0.480400 1.586497e-05 
4.159998 0.480400 2.835591e-05 
4.279998 0.480400 2.749477e-05 
4.399998 0.480400 2.671633e-05 
2.120000 0.507200 2.898048e-05 
2.240000 0.507200 2.738678e-05 
2.360000 0.507200 2.595823e-05 
2.480000 0.507200 2.467066e-05 
2.599999 0.507200 2.350443e-05 
2.719999 0.507200 2.244304e-05 
2.839999 0.507200 2.147314e-05 
2.959999 0.507200 2.058373e-05 
3.079999 0.507200 1.976495e-05 
3.199999 0.507200 1.900888e-05 
3.319999 0.507200 1.830898e-05 
3.439999 0.507200 1.765918e-05 
3.559999 0.507200 1.705472e-05 
3.679998 0.507200 1.649132e-05 
3.799998 0.507200 1.596518e-05 
3.919998 0.507200 1.547420e-05 
4.039998 0.507200 1.501723e-05 
4.159998 0.507200 1.462186e-05 
4.279998 0.507200 2.604351e-05 
4.399998 0.507200 2.530384e-05 
2.120000 0.534000 2.734829e-05 
2.240000 0.534000 2.584576e-05 
2.360000 0.534000 2.449859e-05 
2.480000 0.534000 2.328461e-05 
2.599999 0.534000 2.218451e-05 
2.719999 0.534000 2.118322e-05 
2.839999 0.534000 2.026810e-05 
2.959999 0.534000 1.942911e-05 
3.079999 0.534000 1.865670e-05 
3.199999 0.534000 1.794352e-05 
3.319999 0.534000 1.728282e-05 
3.439999 0.534000 1.666980e-05 
3.559999 0.534000 1.609911e-05 
3.679998 0.534000 1.556713e-05 
3.799998 0.534000 1.507050e-05 
3.919998 0.534000 1.460634e-05 
4.039998 0.534000 1.417335e-05 
4.159998 0.534000 1.377878e-05 
4.279998 0.534000 2.459572e-05 
4.399998 0.534000 2.389553e-05 
2.120000 0.560800 2.571969e-05 
2.240000 0.560800 2.430790e-05 
2.360000 0.560800 2.304205e-05 
2.480000 0.560800 2.190111e-05 
2.599999 0.560800 2.086741e-05 
2.719999 0.560800 1.992668e-05 
2.839999 0.560800 1.906665e-05 
2.959999 0.560800 1.827782e-05 
3.079999 0.560800 1.755187e-05 
3.199999 0.560800 1.688128e-05 
3.319999 0.560800 1.626025e-05 
3.439999 0.560800 1.568374e-05 
3.559999 0.560800 1.514714e-05 
3.679998 0.560800 1.464670e-05 
3.799998 0.560800 1.417913e-05 
3.919998 0.560800 1.374225e-05 
4.039998 0.560800 1.333408e-05 
4.159998 0.560800 1.295820e-05 
4.279998 0.560800 2.315085e-05 
4.399998 0.560800 2.249009e-05 
2.120000 0.587600 2.409937e-05 
2.240000 0.587600 2.277746e-05 
2.360000 0.587600 2.159223e-05 
2.480000 0.587600 2.052365e-05 
2.599999 0.587600 1.955550e-05 
2.719999 0.587600 1.867428e-05 
2.839999 0.587600 1.786913e-05 
2.959999 0.587600 1.712999e-05 
3.079999 0.587600 1.644971e-05 
3.199999 0.587600 1.582156e-05 
3.319999 0.587600 1.523987e-05 
3.439999 0.587600 1.469985e-05 
3.559999 0.587600 1.419699e-05 
3.679998 0.587600 1.372828e-05 
3.799998 0.587600 1.329016e-05 
3.919998 0.587600 1.288055e-05 
4.039998 0.587600 1.249751e-05 
4.159998 0.587600 1.214263e-05 
4.279998 0.587600 2.170707e-05 
4.399998 0.587600 2.108525e-05 
2.120000 0.614400 2.248212e-05 
2.240000 0.614400 2.125018e-05 
2.360000 0.614400 2.014542e-05 
2.480000 0.614400 1.914968e-05 
2.599999 0.614400 1.824697e-05 
2.719999 0.614400 1.742546e-05 
2.839999 0.614400 1.667460e-05 
2.959999 0.614400 1.598574e-05 
3.079999 0.614400 1.535142e-05 
3.199999 0.614400 1.476557e-05 
3.319999 0.614400 1.422316e-05 
3.439999 0.614400 1.371929e-05 
3.559999 0.614400 1.325001e-05 
3.679998 0.614400 1.281247e-05 
3.799998 0.614400 1.240366e-05 
3.919998 0.614400 1.202132e-05 
4.039998 0.614400 1.166379e-05 
4.159998 0.614400 1.133184e-05 
4.279998 0.614400 2.026531e-05 
4.399998 0.614400 1.968432e-05 
2.120000 0.641200 2.087130e-05 
2.240000 0.641200 1.972896e-05 
2.360000 0.641200 1.870395e-05 
2.480000 0.641200 1.777989e-05 
2.599999 0.641200 1.694245e-05 
2.719999 0.641200 1.618009e-05 
2.839999 0.641200 1.548337e-05 
2.959999 0.641200 1.484382e-05 
3.079999 0.641200 1.425524e-05 
3.199999 0.641200 1.371169e-05 
3.319999 0.641200 1.320824e-05 
3.439999 0.641200 1.274050e-05 
3.559999 0.641200 1.230523e-05 
3.679998 0.641200 1.189914e-05 
3.799998 0.641200 1.151962e-05 
3.919998 0.641200 1.116465e-05 
4.039998 0.641200 1.083263e-05 
4.159998 0.641200 1.052435e-05 
4.279998 0.641200 1.882235e-05 
4.399998 0.641200 1.828464e-05 
2.120000 0.668000 1.926538e-05 
2.240000 0.668000 1.821150e-05 
2.360000 0.668000 1.726680e-05 
2.480000 0.668000 1.641457e-05 
2.599999 0.668000 1.564211e-05 
2.719999 0.668000 1.493903e-05 
2.839999 0.668000 1.429635e-05 
2.959999 0.668000 1.370648e-05 
3.079999 0.668000 1.316331e-05 
3.199999 0.668000 1.266182e-05 
3.319999 0.668000 1.219711e-05 
3.439999 0.668000 1.176547e-05 
3.559999 0.668000 1.136377e-05 
3.679998 0.668000 1.098902e-05 
3.799998 0.668000 1.063893e-05 
3.919998 0.668000 1.031128e-05 
4.039998 0.668000 1.000495e-05 
4.159998 0.668000 9.720653e-06 
4.279998 0.668000 1.738731e-05 
4.399998 0.668000 1.689408e-05 
2.120000 0.694800 1.766552e-05 
2.240000 0.694800 1.670027e-05 
2.360000 0.694800 1.583430e-05 
2.480000 0.694800 1.505366e-05 
2.599999 0.694800 1.434615e-05 
2.719999 0.694800 1.370197e-05 
2.839999 0.694800 1.311277e-05 
2.959999 0.694800 1.257226e-05 
3.079999 0.694800 1.207448e-05 
3.199999 0.694800 1.161489e-05 
3.319999 0.694800 1.118916e-05 
3.439999 0.694800 1.079353e-05 
3.559999 0.694800 1.042536e-05 
3.679998 0.694800 1.008175e-05 
3.799998 0.694800 9.760876e-06 
3.919998 0.694800 9.460660e-06 
4.039998 0.694800 9.180291e-06 
4.159998 0.694800 8.921683e-06 
4.279998 0.694800 1.595009e-05 
4.399998 0.694800 1.550167e-05 
2.120000 0.721600 1.606640e-05 
2.240000 0.721600 1.518979e-05 
2.360000 0.721600 1.440373e-05 
2.480000 0.721600 1.369515e-05 
2.599999 0.721600 1.305296e-05 
2.719999 0.721600 1.246833e-05 
2.839999 0.721600 1.193363e-05 
2.959999 0.721600 1.144312e-05 
3.079999 0.721600 1.099136e-05 
3.199999 0.721600 1.057421e-05 
3.319999 0.721600 1.018772e-05 
3.439999 0.721600 9.828756e-06 
3.559999 0.721600 9.494547e-06 
3.679998 0.721600 9.182739e-06 
3.799998 0.721600 8.891543e-06 
3.919998 0.721600 8.619144e-06 
4.039998 0.721600 8.365083e-06 
4.159998 0.721600 8.142868e-06 
4.279998 0.721600 1.451157e-05 
4.399998 0.721600 1.410628e-05 
2.120000 0.748400 1.448773e-05 
2.240000 0.748400 1.369810e-05 
2.360000 0.748400 1.298982e-05 
2.480000 0.748400 1.235093e-05 
2.599999 0.748400 1.177164e-05 
2.719999 0.748400 1.124419e-05 
2.839999 0.748400 1.076194e-05 
2.959999 0.748400 1.031946e-05 
3.079999 0.748400 9.912022e-06 
3.199999 0.748400 9.535541e-06 
3.319999 0.748400 9.186779e-06 
3.439999 0.748400 8.862891e-06 
3.559999 0.748400 8.561360e-06 
3.679998 0.748400 8.280091e-06 
3.799998 0.748400 8.017441e-06 
3.919998 0.748400 7.771693e-06 
4.039998 0.748400 7.544211e-06 
4.159998 0.748400 1.349584e-05 
4.279998 0.748400 1.310580e-05 
4.399998 0.748400 1.274163e-05 
2.120000 0.775200 1.290944e-05 
2.240000 0.775200 1.220644e-05 
2.360000 0.775200 1.157591e-05 
2.480000 0.775200 1.100731e-05 
2.599999 0.775200 1.049167e-05 
2.719999 0.775200 1.002215e-05 
2.839999 0.775200 9.592684e-06 
2.959999 0.775200 9.198703e-06 
3.079999 0.775200 8.835988e-06 
3.199999 0.775200 8.500767e-06 
3.319999 0.775200 8.189973e-06 
3.439999 0.775200 7.901517e-06 
3.559999 0.775200 7.632748e-06 
3.679998 0.775200 7.382499e-06 
3.799998 0.775200 7.149255e-06 
3.919998 0.775200 6.931490e-06 
4.039998 0.775200 1.240328e-05 
4.159998 0.775200 1.202947e-05 
4.279998 0.775200 1.168602e-05 
4.399998 0.775200 1.136312e-05 
2.120000 0.802000 1.133794e-05 
2.240000 0.802000 1.072156e-05 
2.360000 0.802000 1.016840e-05 
2.480000 0.802000 9.669356e-06 
2.599999 0.802000 9.216844e-06 
2.719999 0.802000 8.805023e-06 
2.839999 0.802000 8.428206e-06 
2.959999 0.802000 8.082415e-06 
3.079999 0.802000 7.764002e-06 
3.199999 0.802000 7.469779e-06 
3.319999 0.802000 7.197297e-06 
3.439999 0.802000 6.944379e-06 
3.559999 0.802000 6.709108e-06 
3.679998 0.802000 6.489770e-06 
3.799998 0.802000 6.285743e-06 
3.919998 0.802000 1.124354e-05 
4.039998 0.802000 1.089292e-05 
4.159998 0.802000 1.057303e-05 
4.279998 0.802000 1.027295e-05 
4.399998 0.802000 9.990748e-06 
2.120000 0.828800 9.773150e-06 
2.240000 0.828800 9.242540e-06 
2.360000 0.828800 8.766459e-06 
2.480000 0.828800 8.337175e-06 
2.599999 0.828800 7.947673e-06 
2.719999 0.828800 7.593083e-06 
2.839999 0.828800 7.268808e-06 
2.959999 0.828800 6.971100e-06 
3.079999 0.828800 6.696993e-06 
3.199999 0.828800 6.443914e-06 
3.319999 0.828800 6.209294e-06 
3.439999 0.828800 5.991606e-06 
3.559999 0.828800 5.789500e-06 
3.679998 0.828800 5.601862e-06 
3.799998 0.828800 1.000513e-05 
3.919998 0.828800 9.689907e-06 
4.039998 0.828800 9.398238e-06 
4.159998 0.828800 9.124359e-06 
4.279998 0.828800 8.867622e-06 
4.399998 0.828800 8.625353e-06 
2.120000 0.855600 8.219594e-06 
2.240000 0.855600 7.774038e-06 
2.360000 0.855600 7.374368e-06 
2.480000 0.855600 7.013613e-06 
2.599999 0.855600 6.686576e-06 
2.719999 0.855600 6.388694e-06 
2.839999 0.855600 6.116331e-06 
2.959999 0.855600 5.866343e-06 
3.079999 0.855600 5.636015e-06 
3.199999 0.855600 5.423361e-06 
3.319999 0.855600 5.226715e-06 
3.439999 0.855600 5.044389e-06 
3.559999 0.855600 4.877061e-06 
3.679998 0.855600 8.700198e-06 
3.799998 0.855600 8.421152e-06 
3.919998 0.855600 8.160868e-06 
4.039998 0.855600 7.917713e-06 
4.159998 0.855600 7.689172e-06 
4.279998 0.855600 7.471755e-06 
4.399998 0.855600 7.275244e-06 
2.120000 0.882400 6.674747e-06 
2.240000 0.882400 6.313765e-06 
2.360000 0.882400 5.989798e-06 
2.480000 0.882400 5.697406e-06 
2.599999 0.882400 5.432243e-06 
2.719999 0.882400 5.190569e-06 
2.839999 0.882400 4.969543e-06 
2.959999 0.882400 4.766849e-06 
3.079999 0.882400 4.579795e-06 
3.199999 0.882400 4.407575e-06 
3.319999 0.882400 4.248936e-06 
3.439999 0.882400 7.573667e-06 
3.559999 0.882400 7.315095e-06 
3.679998 0.882400 7.075183e-06 
3.799998 0.882400 6.852493e-06 
3.919998 0.882400 6.643133e-06 
4.039998 0.882400 6.444594e-06 
4.159998 0.882400 6.280668e-06 
4.279998 0.882400 6.098709e-06 
4.399998 0.882400 5.923737e-06 
2.120000 0.909200 5.141037e-06 
2.240000 0.909200 4.864227e-06 
2.360000 0.909200 4.614685e-06 
2.480000 0.909200 4.389244e-06 
2.599999 0.909200 4.185041e-06 
2.719999 0.909200 3.998672e-06 
2.839999 0.909200 3.827936e-06 
2.959999 0.909200 3.670665e-06 
3.079999 0.909200 3.525796e-06 
3.199999 0.909200 6.286078e-06 
3.319999 0.909200 6.058331e-06 
3.439999 0.909200 5.848200e-06 
3.559999 0.909200 5.653308e-06 
3.679998 0.909200 5.466364e-06 
3.799998 0.909200 5.322824e-06 
3.919998 0.909200 5.145212e-06 
4.039998 0.909200 4.986567e-06 
4.159998 0.909200 4.857437e-06 
4.279998 0.909200 4.727453e-06 
4.399998 0.909200 4.588565e-06 
